0: Identity(alpha=1.0)
0.0033132806 -0.020420121 2.3696795 -0.042685308 -0.99807996 0.029286489 -0.010636247 -0.4215197 -2.1932952 
0.11619106 0.055675015 0.19887684 -2.1709232 1.0476869 0.15501222 0.04854449 -1.3578203 0.13669689 
-0.01581255 -2.2903156 0.19318737 0.119478695 0.548298 0.13598856 -1.664866 0.60227656 0.045826375 
-1.7451246 0.08893569 0.03641598 0.17887701 0.25933105 -2.1234045 0.05824366 0.16324197 0.15410207 
-0.14179924 4.375773 -0.68454075 4.4213724 -0.9956969 4.49197 -0.3965339 -0.6164966 4.215824 
1.8580637 0.03814419 0.09267052 -0.066432334 -0.10519447 -2.2833807 0.05256807 0.041331198 0.077196375 
0.1325682 -2.1548138 0.016976751 0.084723316 -0.5899435 0.055599745 2.0780613 -0.5814707 -0.118035056 
0.15320873 0.12443933 0.061631896 -2.1856606 -0.7630742 0.09837967 -0.005393884 1.4851265 0.05923217 
0.13644971 -7.339316E-4 -1.5782481 0.19917789 0.9715834 0.14540511 0.13066356 0.43511295 -2.3025687 

1: Sigmoid(alpha=0.6)
0.26616812 0.52178526 1.1951853 10.163032 1.0206798 -10.816415 0.39884037 0.8273189 1.3638356 
-2.3705037 -2.6396332 9.211662 -2.7472563 -0.1092164 -1.9370005 9.660956 -2.0294924 -2.7053125 
-9.217133 0.19701687 -1.0268753 -0.47520557 2.537008 1.4875065 2.5197163 1.0916955 6.6756496 
-1.7334318 8.490857 -2.2652485 -1.5752252 -1.5620958 -0.77260077 -1.7239969 8.97069 -2.3448772 
4.4681835 -6.343619 -2.0954752 -3.4076786 3.0630944 3.6035278 3.390688 6.058934 -3.689383 
-1.7958095 -1.102097 -2.0213246 8.474035 -1.8012556 9.142826 -1.6786367 -0.8867936 -2.0193217 
1.7804528 -0.41626647 7.7525983 -0.52750653 1.7662377 1.1889318 -9.328141 1.0147617 -0.6353748 
2.1182406 8.201895 -2.297762 -2.6497304 2.3357973 3.2673597 3.2746112 -8.922086 -0.5243949 
9.294309 -2.5559165 -2.740453 -2.8352401 -0.20398675 -2.1171782 -2.5421917 -2.3591673 9.392914 

2: Softmax
