0: Identity(alpha=1.0)
-1.6071966 -0.68066627 -1.135345 
0.10764686 0.05745829 0.40192375 
-0.69981825 -1.5997386 -1.0217607 
0.37021378 -0.45553437 0.14730932 
2.8364837 2.9510806 -0.514928 
-0.40181223 0.34007555 0.12666622 
-0.23297562 2.8813014 2.0343108 
-0.47560796 -0.32524326 -0.5374479 
2.931051 -0.19914028 1.9907815 

1: Sigmoid(alpha=0.6)
1.1516867 1.3916842 0.32271308 -0.47260147 -4.984572 2.6153913 5.777222 0.9699916 -3.4335942 
0.37745604 1.4477334 1.2042599 2.6999223 -4.895455 -0.44245845 -3.3631017 1.0484027 5.9383574 
1.422149 -1.2548158 1.4296104 -0.46361023 8.400181 -0.49022695 -2.4773917 0.44577846 -2.4712477 

2: Softmax
